image_width: 720
image_height: 540
camera_name: narrow_stereo
camera_matrix:
  rows: 3
  cols: 3
  data:  [1817.426668717741, 0, 676.0159939334147,
          0, 1814.059010264247, 581.0031400962583,
           0, 0, 1]
distortion_model: plumb_bob
distortion_coefficients:
  rows: 1
  cols: 5
  data: [-0.05884856251873361, 0.0278377467156991, 0.001354152826934829, -0.003720882933616479, 0.20909021899309]
rectification_matrix:
  rows: 3
  cols: 3
  data: [1.000000, 0.000000, 0.000000, 0.000000, 1.000000, 0.000000, 0.000000, 0.000000, 1.000000]
projection_matrix:
  rows: 3
  cols: 4
  data: [2665.005527408399, 0,                 696.8233,          0.0,  # fx 0  cx
         0,                 2673.364537791387, 500.5147099572225, 0.0, # 0  fy cy
         0,                 0,                 1.0,               0.0 ]