image_width: 720
image_height: 540
camera_name: narrow_stereo
camera_matrix:
  rows: 3
  cols: 3
  data: [1765.647436272049, 0, 311.6375370829687,
 0, 1767.125642712824, 306.9607248323619,
 0, 0, 1]
distortion_model: plumb_bob
distortion_coefficients:
  rows: 1
  cols: 5
  data: [-0.02708374464136384, -14.48457021988165, -0.002785181342656648, 0.005251710438910471, 190.3770500069043]
rectification_matrix:
  rows: 3
  cols: 3
  data: [1.000000, 0.000000, 0.000000, 0.000000, 1.000000, 0.000000, 0.000000, 0.000000, 1.000000]
projection_matrix:
  rows: 3
  cols: 4
  data: [1205.5,       0.000000,          302.9924,          0.0,
         0.000000,     1198.9,            296.7330,          0.0,
         0.000000,     0.000000,          1.000000,          0.0]