image_width: 720
image_height: 540
camera_name: narrow_stereo
camera_matrix:
  rows: 3
  cols: 3
  data: [1181.181768398393, 0, 332.0065766105464,
          0, 1186.306125472339, 286.0122425416276,
          0, 0, 1]
distortion_model: plumb_bob
distortion_coefficients:
  rows: 1
  cols: 5
  data: [-0.3807082764298276, 0.4159344809796321, -0.001925878021865465, 0.0008823446183525716, -2.065247671365405] # k1 k2 t1 t2 k3
rectification_matrix:
  rows: 3
  cols: 3
  data: [1.000000, 0.000000, 0.000000, 0.000000, 1.000000, 0.000000, 0.000000, 0.000000, 1.000000]
projection_matrix:
  rows: 3
  cols: 4
  data: [1205.5,       0.000000,          302.9924,          0.0,
         0.000000,     1198.9,            296.7330,          0.0,
         0.000000,     0.000000,          1.000000,          0.0]
# image_width: 640
# image_height: 480
# camera_name: narrow_stereo
# camera_matrix:
#   rows: 3
#   cols: 3
#   data: [1320.127401, 0.000000, 609.902940, 0.000000, 1329.050651, 457.308236, 0.000000, 0.000000, 1.000000]
# distortion_model: plumb_bob
# distortion_coefficients:
#   rows: 1
#   cols: 5
#   data: [-0.034135, 0.131210, -0.015866, -0.004433, 0.000000]
# rectification_matrix:
#   rows: 3
#   cols: 3
#   data: [1.000000, 0.000000, 0.000000, 0.000000, 1.000000, 0.000000, 0.000000, 0.000000, 1.000000]
# projection_matrix:
#   rows: 3
#   cols: 4
#   data: [1337.148438, 0.000000, 605.640265, 0.000000, 0.000000, 1333.494019, 444.618912, 0.000000, 0.000000, 0.000000, 1.000000, 0.000000]